%YAML:1.0

cam0:
  T_imu_cam:
    - [0.9999829303908104, -0.0008206014173635278, 0.005784940822678779, 0.004746619101473915]
    - [0.0006637474153840739, 0.9996334781744436, 0.027064159921067255, -0.032193304871343476]
    - [-0.005805029403598695, -0.02705985820691515, 0.999616959493708, -0.02618680311947438]
    - [0.0, 0.0, 0.0, 1.0]
  cam_overlaps: [1]
  camera_model: pinhole
  distortion_coeffs: [0.002853179337511932, -0.0055788120555030525, 0.007404536644713311, 0.0010187924033311327]
  distortion_model: radtan
  intrinsics: [424.45187166716005, 427.196486815589, 428.3185285877876, 251.56898362359246]
  resolution: [848, 480]
  rostopic: /d435i/infra1/image_rect_raw
  timeshift_cam_imu: 0.003102134105711284

cam1:
  T_imu_cam:
    - [0.9999759708442931, -0.001539052491919913, 0.0067593676805392765, -0.047834841831758235]
    - [0.0013524810010735247, 0.9996203305501388, 0.027520275179822418, -0.033243212481066514]
    - [-0.006799156503224423, -0.027510471974477826, 0.9995983920568231, -0.025934200373071425]
    - [0.0, 0.0, 0.0, 1.0]
  T_cn_cnm1:
    - [0.9999992671359567, -0.0006918203216254579, 0.000993535197481784, -0.05257771192652725]
    - [0.0006913712180156649, 0.9999996587160275, 0.0004522982022687893, -0.0010413560286374913]
    - [-0.000993847767491911, -0.0004516109691560764, 0.9999994041568945, 0.00024276571036075707]
    - [0.0, 0.0, 0.0, 1.0]
  cam_overlaps: [0]
  camera_model: pinhole
  distortion_coeffs: [0.0029329063385657127, -0.005555036785455881, 0.00749426947063535, 0.000775839437660154]
  distortion_model: radtan
  intrinsics: [424.9830319620402, 427.7552256410824, 428.7513771166282, 251.87414747356127]
  resolution: [848, 480]
  rostopic: /d435i/infra2/image_rect_raw
  timeshift_cam_imu: 0.0031532556589922525
  